012521252353643424124365122
234624362347234064562424234
345345011234502344234234063
234234224534634512413434523
242350454363464723423045364
024556023423464762425365636
012521252353643424124365122
234624362347234064562424234
345349011234502344234234063
234234224534634512413434523
242359854363464723423045364
023456723423464762425365636
012521252353643424124365122
234624362347234064562424234
345345011234502344234234063
234234224534634512413434523
242350454363464723423045364
024556023423464762425365636